29 0 0 0
8 0 0 158
38 0 184 0
37 0 178 158
24 1 0 0
35 1 0 122
19 1 183 0
12 1 177 132
6 2 0 0
25 2 0 179
21 2 175 0
11 2 175 150
40 3 0 0
45 3 158 0
26 3 0 178
3 3 158 164
4 4 0 0
2 4 0 139
41 4 174 0
17 4 166 140
42 5 0 0
16 5 0 117
30 5 165 117
7 5 173 0
36 6 0 0
48 6 0 150
31 6 164 0
14 6 164 92
18 7 0 0
9 7 0 162
49 8 0 0
43 8 0 111
27 8 147 111
13 9 0 0
32 9 122 0
20 10 0 0
50 10 121 0
10 10 0 152
34 10 125 131
44 11 0 0
23 11 0 145
47 11 141 0
33 11 141 103
46 12 0 0
1 12 0 141
28 12 139 141
22 13 0 0
5 13 0 124
15 13 138 0
39 14 0 0
