36 0 0 0
20 0 362 0
44 0 362 328
25 1 0 0
12 1 165 0
14 1 0 370
4 1 296 349
35 2 0 0
42 2 0 162
43 3 0 0
23 3 0 347
11 3 270 347
47 3 346 0
17 4 0 0
39 4 264 0
21 4 0 344
33 5 0 0
49 5 0 168
10 5 332 168
41 6 0 0
6 6 0 225
27 6 325 0
29 6 315 295
37 7 0 0
15 7 237 0
7 7 0 322
18 7 261 302
50 8 0 0
24 8 0 304
30 8 313 0
3 8 313 270
38 9 0 0
31 9 281 0
48 9 0 308
19 9 254 308
45 10 0 0
8 10 284 0
32 10 0 284
2 10 261 284
28 11 0 0
1 11 0 219
13 11 278 0
5 11 278 199
34 11 277 326
46 12 0 0
9 12 0 228
16 12 262 0
40 12 243 250
22 13 0 0
26 13 0 174
