36 0 0 0
20 0 362 0
44 0 362 328
25 1 0 0
12 1 165 0
14 1 0 370
4 1 296 349
26 2 0 0
42 2 0 182
23 2 198 0
43 3 0 0
11 3 0 347
47 3 346 0
19 3 217 347
17 4 0 0
39 4 264 0
21 4 0 344
35 5 0 0
49 5 0 162
10 5 332 162
41 6 0 0
6 6 0 225
27 6 325 0
29 6 315 295
37 7 0 0
15 7 237 0
7 7 0 322
18 7 261 302
50 8 0 0
24 8 0 304
30 8 313 0
3 8 313 270
38 9 0 0
31 9 281 0
48 9 0 308
2 9 254 308
45 10 0 0
8 10 284 0
32 10 0 284
13 10 261 284
28 11 0 0
1 11 0 219
5 11 278 0
34 11 278 127
40 11 277 262
46 12 0 0
9 12 0 228
16 12 262 0
22 12 243 250
33 13 0 0
