29 0 0 0
8 0 0 158
38 0 184 0
37 0 178 158
24 1 0 0
35 1 0 122
19 1 183 0
12 1 177 132
6 2 0 0
25 2 0 179
21 2 175 0
11 2 175 150
40 3 0 0
45 3 158 0
26 3 0 178
3 3 158 164
18 4 0 0
41 4 163 0
16 4 0 162
30 4 165 140
15 5 0 0
50 5 111 0
42 5 0 131
7 5 173 131
14 6 0 0
36 6 66 0
48 6 0 150
31 6 156 150
5 7 0 0
39 7 0 109
27 7 128 0
20 7 128 95
49 8 0 0
43 8 0 111
47 8 147 111
17 8 160 0
13 9 0 0
32 9 122 0
9 9 0 159
33 10 0 0
23 10 92 0
34 10 0 147
44 10 106 105
2 11 0 0
46 11 0 99
4 12 0 0
28 12 0 139
1 12 110 139
22 13 0 0
10 13 0 124
