46 0 0 0
16 0 0 596
22 0 746 0
23 1 0 0
24 1 0 532
49 1 483 0
19 1 678 526
3 2 0 0
41 2 264 0
43 2 0 616
37 3 0 0
34 3 0 723
26 4 0 0
5 4 716 0
33 4 0 640
40 4 543 660
29 5 0 0
35 5 497 0
11 5 497 679
47 5 0 696
9 6 0 0
17 6 0 506
31 6 668 0
1 7 0 0
10 7 572 0
30 7 0 665
18 7 417 665
2 8 0 0
7 8 482 0
44 8 0 640
28 9 0 0
4 9 634 0
27 9 0 596
21 9 634 566
50 10 0 0
36 10 0 568
32 10 625 0
48 10 625 520
39 11 0 0
20 11 614 0
42 12 0 0
38 12 479 0
45 13 0 0
13 13 604 0
8 13 0 519
25 14 0 0
15 14 546 0
12 15 0 0
6 15 0 549
14 16 0 0
